80420000
00000000
00000000
A0420800
00000000
00000000
40730000
00000000
00000000
A0621000
00000000
00000000
48612000
00000000
00000000
A0621800
00000000
00000000
506AC000
00000000
00000000
A0622000
00000000
00000000
586EC000
00000000
00000000
A0622800
00000000
00000000
66680200
00000000
00000000
00000000
A0623000
00000000
00000000
6E660200
00000000
00000000
A0623800
00000000
00000000
50422000
00000000
00000000
72048000
C001A800
00000000
00000000
A1224000
00000000
00000000
00000000
00000000
A0425000
00000000
00000000
20000000