817E0000
819E0800
81BE1000
2C0002BC
280001FC
240000F0
20000024
00000000
30000000
4E019400
50666000
00000000
00000000
00000000
46661000
80360800
00000000
00000000
00000000
52420000
00000000
00000000
00000000
A05A0800
A0560800
00000000
00000000
00000000
70178000
00000000
00000000
00000000
D0000088
C000003C
10000094
00000000
C0000088
817E0000
819E0800
81BE1000
00000000
80360800
00000000
00000000
00000000
52420000
00000000
00000000
00000000
A05A0800
A0560800
00000000
00000000
00000000
70178000
00000000
00000000
00000000
D000001C
C00000A4
4E000200
50666000
00000000
00000000
00000000
46661000
80360800
00000000
00000000
7A860000
62C20000
00000000
00000000
00000000
68A28000
00000000
00000000
00000000
584CA000
00000000
00000000
00000000
A05A0800
A0560800
00000000
00000000
00000000
70178000
00000000
00000000
00000000
D0000174
C0000108
10000180
00000000
C0000174
817E0000
819E0800
81BE1000
00000000
80360800
00000000
00000000
7A860000
6AC20000
00000000
00000000
00000000
60A28000
00000000
00000000
00000000
584CA000
00000000
00000000
00000000
A05A0800
A0560800
00000000
00000000
00000000
70178000
00000000
00000000
00000000
D000001C
C0000190
4E210000
00000000
00000000
80360800
00000000
00000000
00000000
42422000
00000000
00000000
00000000
A05A0800
A0560800
00000000
00000000
00000000
70178000
00000000
00000000
00000000
D0000254
C0000208
10000260
00000000
C0000254
817E0000
819E0800
81BE1000
00000000
80360800
00000000
00000000
00000000
42422000
00000000
00000000
00000000
A05A0800
A0560800
00000000
00000000
00000000
70178000
00000000
00000000
00000000
D000001C
C0000270
50EEE000
51110000
51332000
51554000
4E000200
4E200400
4E400600
4E600800
42EE0000
43102000
43324000
43546000
40EF0000
00000000
00000000
00000000
514F4000
00000000
00000000
00000000
6B546000
00000000
00000000
00000000
41334000
00000000
00000000
00000000
51112000
00000000
00000000
00000000
6B104000
00000000
00000000
00000000
40EF0000
00000000
00000000
00000000
514F4000
00000000
00000000
00000000
6B542000
00000000
00000000
00000000
41334000
00000000
00000000
00000000
51112000
00000000
00000000
00000000
6B100000
00000000
00000000
00000000
80360800
00000000
00000000
00000000
5042E000
00000000
00000000
00000000
A05A0800
A0560800
00000000
00000000
00000000
80360800
00000000
00000000
00000000
50430000
00000000
00000000
00000000
A05A0800
A0560800
00000000
00000000
00000000
80360800
00000000
00000000
00000000
50432000
00000000
00000000
00000000
A05A0800
A0560800
00000000
00000000
00000000
80360800
00000000
00000000
00000000
50434000
00000000
00000000
00000000
A05A0800
A0560800
00000000
00000000
00000000
70178000
00000000
00000000
00000000
E00003AC
C0000494
100004A0
00000000
C0000494
817E0000
819E0800
81BE1000
00000000
80360800
00000000
00000000
00000000
5042E000
00000000
00000000
00000000
A05A0800
A0560800
00000000
00000000
00000000
80360800
00000000
00000000
00000000
50430000
00000000
00000000
00000000
A05A0800
A0560800
00000000
00000000
00000000
80360800
00000000
00000000
00000000
50432000
00000000
00000000
00000000
A05A0800
A0560800
00000000
00000000
00000000
80360800
00000000
00000000
00000000
50434000
00000000
00000000
00000000
A05A0800
A0560800
00000000
00000000
00000000
70178000
00000000
00000000
00000000
E00004B0
C000001C